baseline_acc
BPART
total: 383
num_correct: 112
baseline_avg: 0.2924281984334204

ITEM
total: 94
num_correct: 81
baseline_avg: 0.8617021276595744

LOC
total: 245
num_correct: 171
baseline_avg: 0.6979591836734694

PERSON
total: 160
num_correct: 131
baseline_avg: 0.81875

TIME
total: 471
num_correct: 54
baseline_avg: 0.11464968152866242

VEH
total: 209
num_correct: 68
baseline_avg: 0.3253588516746411

WEAPON
total: 230
num_correct: 76
baseline_avg: 0.33043478260869563

BPART	200	0.1	103	0.5982142857142857	0.6504854368932039	1.9514563106796117
BPART	200	0.5	46	0.36607142857142855	0.8913043478260869	2.6739130434782608
BPART	200	0	147	0.7410714285714286	0.564625850340136	1.693877551020408
BPART	400	0.1	164	0.6517857142857143	0.4451219512195122	1.3353658536585364
BPART	400	0.5	57	0.375	0.7368421052631579	2.2105263157894735
BPART	400	0	256	0.9017857142857143	0.39453125	1.18359375
BPART	600	0.1	213	0.6696428571428571	0.352112676056338	1.056338028169014
BPART	600	0.5	65	0.375	0.6461538461538462	1.9384615384615387
BPART	600	0	354	0.9553571428571429	0.3022598870056497	0.9067796610169492
ITEM	200	0.1	25	0.30864197530864196	1.0	3.0
ITEM	200	0.5	9	0.1111111111111111	1.0	3.0
ITEM	200	0	39	0.4567901234567901	0.9487179487179487	2.846153846153846
ITEM	400	0.1	36	0.43209876543209874	0.9722222222222222	2.9166666666666665
ITEM	400	0.5	10	0.12345679012345678	1.0	3.0
ITEM	400	0	62	0.6666666666666666	0.8709677419354839	2.6129032258064515
ITEM	600	0.1	43	0.5061728395061729	0.9534883720930233	2.86046511627907
ITEM	600	0.5	10	0.12345679012345678	1.0	3.0
ITEM	600	0	86	0.9135802469135802	0.8604651162790697	2.5813953488372094
LOC	200	0.1	72	0.3684210526315789	0.875	2.625
LOC	200	0.5	10	0.05847953216374269	1.0	3.0
LOC	200	0	111	0.543859649122807	0.8378378378378378	2.5135135135135136
LOC	400	0.1	97	0.47368421052631576	0.8350515463917526	2.5051546391752577
LOC	400	0.5	10	0.05847953216374269	1.0	3.0
LOC	400	0	169	0.7602339181286549	0.7692307692307693	2.307692307692308
LOC	600	0.1	115	0.5497076023391813	0.8173913043478261	2.4521739130434783
LOC	600	0.5	10	0.05847953216374269	1.0	3.0
LOC	600	0	213	0.8830409356725146	0.7089201877934272	2.126760563380282
PERSON	200	0.1	45	0.3282442748091603	0.9555555555555556	2.866666666666667
PERSON	200	0.5	15	0.11450381679389313	1.0	3.0
PERSON	200	0	69	0.48854961832061067	0.927536231884058	2.782608695652174
PERSON	400	0.1	60	0.4351145038167939	0.95	2.8499999999999996
PERSON	400	0.5	22	0.16030534351145037	0.9545454545454546	2.863636363636364
PERSON	400	0	112	0.7709923664122137	0.9017857142857143	2.705357142857143
PERSON	600	0.1	65	0.4580152671755725	0.9230769230769231	2.769230769230769
PERSON	600	0.5	23	0.16793893129770993	0.9565217391304348	2.8695652173913047
PERSON	600	0	146	0.9236641221374046	0.8287671232876712	2.4863013698630136
TIME	200	0.1	9	0.09259259259259259	0.5555555555555556	1.6666666666666667
TIME	200	0.5	0	0.0	0	0
TIME	200	0	155	0.6296296296296297	0.21935483870967742	0.6580645161290322
TIME	400	0.1	11	0.1111111111111111	0.5454545454545454	1.6363636363636362
TIME	400	0.5	0	0.0	0	0
TIME	400	0	288	0.7777777777777778	0.14583333333333334	0.4375
TIME	600	0.1	12	0.1111111111111111	0.5	1.5
TIME	600	0.5	0	0.0	0	0
TIME	600	0	407	0.8888888888888888	0.11793611793611794	0.35380835380835385
VEH	200	0.1	48	0.38235294117647056	0.5416666666666666	1.625
VEH	200	0.5	19	0.20588235294117646	0.7368421052631579	2.2105263157894735
VEH	200	0	113	0.8088235294117647	0.48672566371681414	1.4601769911504423
VEH	400	0.1	57	0.4264705882352941	0.5087719298245614	1.5263157894736843
VEH	400	0.5	20	0.20588235294117646	0.7	2.0999999999999996
VEH	400	0	157	0.8823529411764706	0.3821656050955414	1.1464968152866244
VEH	600	0.1	62	0.4264705882352941	0.46774193548387094	1.4032258064516128
VEH	600	0.5	20	0.20588235294117646	0.7	2.0999999999999996
VEH	600	0	179	0.9264705882352942	0.35195530726256985	1.0558659217877095
WEAPON	200	0.1	44	0.3684210526315789	0.6363636363636364	1.9090909090909092
WEAPON	200	0.5	15	0.18421052631578946	0.9333333333333333	2.8
WEAPON	200	0	118	0.75	0.4830508474576271	1.4491525423728813
WEAPON	400	0.1	53	0.39473684210526316	0.5660377358490566	1.6981132075471699
WEAPON	400	0.5	15	0.18421052631578946	0.9333333333333333	2.8
WEAPON	400	0	162	0.8421052631578947	0.3950617283950617	1.1851851851851851
WEAPON	600	0.1	57	0.42105263157894735	0.5614035087719298	1.6842105263157894
WEAPON	600	0.5	15	0.18421052631578946	0.9333333333333333	2.8
WEAPON	600	0	183	0.881578947368421	0.366120218579235	1.098360655737705
